0.06587947197238675	-5.220398	0
0.30493285152108107	-4.1538067	0.17857142857142858
0.3933950998778102	-3.783196	0.21518987341772153
0.9999999999999943	-3.9040973	1.0
0.2672186349491544	-5.3503575	0.078125
0.21763562927060398	-8.835764	0.03968253968253968
0.060180822656918216	-4.748824	0
0.36647292554235866	-4.043866	0.17460317460317462
0.4789305570664175	-3.0651855	0.34615384615384615
1.000000000000009	-3.4245925	1.0
0.26250950650217547	-4.0451446	0.08088235294117647
0.2609596394084746	-8.062185	0.028846153846153848
0.034427641096699935	-5.228445	0
0.4410723494221489	-4.8444214	0.1627906976744186
0.42013949828297525	-5.8080688	0.2553191489361702
0.9999999999999967	-5.4672804	1.0
0.2028871432290812	-3.502432	0.05970149253731343
0.23821108133666846	-7.956609	0.011904761904761904
0.060754238784390714	-5.732272	0
0.38879266061983675	-3.805157	0.20081967213114751
0.3477951145952603	-4.0690756	0.1592920353982301
1.0000000000000022	-3.805747	1.0
0.22471722733138755	-4.0646753	0.05660377358490566
0.20310096747129308	-9.22101	0.012195121951219513
0.08236253822551387	-6.0364566	0
0.39139975182203374	-4.79032	0.25
0.3775434534146901	-4.752183	0.23134328358208953
0.9999999999999962	-3.6985993	1.0
0.21320453696234068	-3.5583713	0.06666666666666667
0.19733767123625257	-6.901755	0.05454545454545455
0.02933883396474221	-6.948738	0
0.4127407256593692	-4.455956	0.18055555555555552
0.3553794472390471	-4.8787947	0.19014084507042253
0.9999999999999952	-5.3137426	1.0
0.278304052651884	-5.803717	0.06451612903225806
0.24015706991013036	-7.72967	0.00909090909090909
0.05293864885066493	-4.9773717	0
0.3265325467948358	-3.6783452	0.20138888888888892
0.2123236555177696	-3.6777396	0.2164179104477612
1.000000000000005	-4.0577774	1.0
0.2538893643570839	-3.3625138	0.058823529411764705
0.27177764879755056	-7.6968293	0.03636363636363636
0.06710407964064288	-4.549379	0
0.35148008601085207	-3.8270278	0.15714285714285714
0.4218455256448898	-3.6464112	0.1796116504854369
1.0000000000000044	-4.6644883	1.0
0.23949483387447665	-3.7354248	0.06481481481481481
0.22852293030921775	-8.384033	0.020833333333333332
0.04990016692418175	-5.459835	0
0.4765642162881412	-4.203933	0.22727272727272724
0.46346677687568305	-3.323489	0.2552083333333333
0.9999999999999761	-4.334687	1.0
0.21066887297247402	-3.9810705	0.049999999999999996
0.27424397549416313	-7.7566385	0.03571428571428571
0.03485053776712646	-5.5974503	0
0.2595429881016611	-4.349995	0.16964285714285715
0.36880665781376126	-3.9850345	0.13636363636363638
1.000000000000001	-5.7395253	1.0
0.25196229103683176	-4.1199517	0.07291666666666667
0.25050944909782674	-7.6725273	0.03191489361702128
0.08844121678209697	-6.1555085	0
0.4059434434578698	-3.3968945	0.19791666666666663
0.5275889727129643	-2.838722	0.3636363636363636
0.9999999999999997	-2.783979	1.0
0.24918568838049185	-4.192048	0.07608695652173914
0.24076082954220285	-7.6057587	0.0697674418604651
0.04985356210991272	-5.3495536	0
0.38056650314394874	-3.9586585	0.2164179104477612
0.29356164659191536	-3.0697956	0.20833333333333331
0.9999999999999966	-3.3036098	1.0
0.23462824261867726	-3.6263366	0.04807692307692308
0.24253113539800794	-8.540533	0.03333333333333333
0.06114748631784722	-5.00726	0
0.24947794682105467	-3.9341817	0.1416666666666667
0.4573644257375039	-3.2582228	0.3442622950819672
1.000000000000005	-3.74752	1.0
0.1848121398707555	-4.458154	0.11320754716981132
0.22537185715421035	-8.027661	0.0392156862745098
0.056810605002710256	-5.606333	0
0.385154606533899	-4.3250527	0.2043010752688172
0.3895095151271771	-4.3351984	0.1896551724137931
0.9999999999999989	-4.9237385	1.0
0.22935488483979388	-3.762484	0.09876543209876545
0.20898613780669817	-8.236021	0.015384615384615385
0.022055363259863413	-5.7715287	0
0.34180977204951185	-4.3274617	0.25287356321839083
0.4680371043890493	-3.0322173	0.33888888888888885
0.9999999999999992	-3.4929023	1.0
0.20199773744830704	-3.1191761	0.06329113924050632
0.24923714026821417	-8.565271	0.02380952380952381
0.037727657668872656	-5.1620398	0
0.41316605550090824	-3.9193165	0.26344086021505375
0.3887927530132991	-3.2929032	0.30219780219780223
0.9999999999999957	-3.568906	1.0
0.266620464855999	-3.5568945	0.0846153846153846
0.224261164856842	-8.529627	0.014705882352941176
0.057307134613984005	-4.7499228	0
0.5184512622110657	-3.7156827	0.3490566037735849
0.32210408895311693	-3.535246	0.22549019607843138
0.9999999999999988	-4.3836923	1.0
0.27992987110992573	-3.5062551	0.1
0.24830167959276925	-7.988115	0
0.08782878154758236	-4.259413	0
0.4018560043725392	-3.8186426	0.23076923076923075
0.40020367273494867	-3.2257283	0.25217391304347825
1.0000000000000067	-3.5730298	1.0
0.25499472191809075	-4.8475304	0.062043795620437964
0.17182422669030284	-7.8160477	0.056249999999999994
0.09743685042528936	-5.3989754	0
0.3559925381505314	-4.4536133	0.17123287671232876
0.33371227927570235	-3.6879163	0.20714285714285716
1.0000000000000078	-4.055928	1.0
0.24237527559238914	-3.9274385	0.09154929577464789
0.19303524365809416	-7.569356	0.03508771929824561
0.0526936717831219	-4.521817	0
0.3833626958801884	-3.0561252	0.23529411764705882
0.34290683831153707	-3.3453798	0.40259740259740256
1.0000000000000067	-3.0846422	1.0
0.2631503323083231	-3.5039256	0.08252427184466019
0.2311368241553652	-8.446302	0.01639344262295082
0.046070922348522496	-5.035531	0
0.3685263278222345	-3.3813534	0.29885057471264365
0.4528004970271463	-2.5213158	0.3076923076923077
1.0000000000000007	-3.1886663	1.0
0.23497414859776455	-4.1852446	0.05921052631578947
0.2215322972922826	-8.010904	0.023076923076923078
0.014020933327818199	-4.695298	0
0.5363342375481805	-4.0412045	0.18644067796610167
0.464147518306768	-2.6367428	0.3923076923076923
1.0000000000000098	-3.3628244	1.0
0.264566624652644	-3.8861237	0.0821917808219178
0.30749575713220473	-7.8521705	0.061224489795918366
0.057188053804363516	-5.5628567	0
0.4025527884602887	-4.4687243	0.1904761904761905
0.4388981181365899	-3.8370416	0.24691358024691357
1.000000000000029	-4.882653	1.0
0.24142822397444355	-2.9377377	0.05454545454545454
0.2423434117934419	-7.4066567	0.04032258064516129
0.050604104018443986	-5.2708225	0
0.5412174892399353	-4.537052	0.27272727272727276
0.635118996792669	-3.4096284	0.3425925925925926
1.000000000000004	-3.476736	1.0
0.23039206247356023	-4.681424	0.05970149253731343
0.23299244849122736	-7.8531632	0.0425531914893617
0.09788893715354943	-5.056719	0
0.6330506941350813	-2.8372364	0.41428571428571426
0.6250647445563762	-4.146247	0.5147058823529412
1.0	-2.8872335	1.0
0.12844208745843638	-3.6778705	0.04430379746835443
0.19156678066407398	-7.4588594	0.05405405405405406
0.03043124188035101	-4.513687	0
0.39208175502512543	-5.150575	0.28125
0.2364245927121995	-4.1958222	0.1785714285714286
1.0000000000000013	-4.397768	1.0
0.25531423908655126	-4.216986	0.05714285714285714
0.25476263724122133	-7.8391614	0.0392156862745098
0.05680535002195761	-4.622419	0
0.35795646080381127	-4.713434	0.18493150684931509
0.37257277512032405	-2.9307468	0.3380281690140845
1.0000000000000038	-3.5496893	1.0
0.26761252389552087	-4.033474	0.07281553398058253
0.2631416598639583	-7.147887	0.07017543859649122
0.0715202032389396	-5.0586133	0
0.34611350700415705	-4.32839	0.21176470588235294
0.48797670237584817	-4.1378703	0.35365853658536595
0.9999999999999994	-3.6076298	1.0
0.1830192611589782	-4.4613457	0.06097560975609756
0.17781122207297542	-7.702551	0.02380952380952381
0.06963958839254153	-4.012329	0
0.3905878223155797	-3.5685909	0.20535714285714288
0.4079120196584613	-2.9464648	0.29017857142857145
1.000000000000007	-3.436277	1.0
0.2827902454555967	-4.2549663	0.06967213114754099
0.1704352556673559	-6.669577	0.06962025316455697
0.07933162550849218	-4.403563	0
0.3410573483027738	-3.58537	0.11764705882352941
0.43500792052029863	-4.533821	0.33783783783783783
1.0000000000000027	-4.03045	1.0
0.20370940756043654	-3.8157384	0.11
0.21929380399741816	-7.379065	0.06756756756756757
0.023251502675910713	-4.286155	0
0.35202056782544816	-3.4654481	0.28472222222222215
0.4527743460504913	-3.055284	0.3656716417910448
0.9999999999999983	-4.1871095	1.0
0.2520965341488559	-3.4241724	0.07936507936507937
0.26003821695556584	-9.385333	0.037037037037037035
0.0591027747018258	-4.030875	0
0.41904094476912856	-2.849695	0.23660714285714288
0.47720476464375217	-2.2434397	0.39639639639639634
0.9999999999999963	-2.8029683	1.0
0.2250468678928548	-3.8059828	0.05238095238095238
0.2113079565207099	-9.834873	0.013157894736842106
0.04181960800387646	-4.829694	0
0.3365363295318187	-3.4769351	0.22435897435897434
0.39239551055845084	-3.2666743	0.3529411764705882
1.000000000000021	-3.7799299	1.0
0.2119272157817445	-6.047719	0.058823529411764705
0.20269321603612736	-7.737062	0.043859649122807015
0.04488314614842124	-5.134659	0
0.29156047632420967	-2.9968476	0.3389830508474576
0.3335232288068935	-3.8097286	0.25806451612903225
1.000000000000006	-3.4967213	1.0
0.18897077024418038	-4.4103394	0.06395348837209303
0.22557835648297636	-8.180622	0.03
0.0904312624511037	-4.9751916	0
0.2962989847173555	-4.218607	0.21014492753623185
0.3768186337433164	-3.9536216	0.23437499999999997
1.0000000000000002	-3.8349113	1.0
0.22562205526279516	-4.0311704	0.05769230769230769
0.24952721052123075	-8.148277	0.06481481481481481
0.045498355334976925	-5.1613526	0
0.35404059516518915	-4.078978	0.21874999999999997
0.4783020746794306	-2.8971422	0.2884615384615385
1.000000000000003	-3.6123414	1.0
0.2590283664340154	-4.414354	0.0773809523809524
0.17428760806996324	-7.2153473	0.0423728813559322
0.10290449781046428	-5.007865	0
0.36505400791016984	-4.1369185	0.2746478873239437
0.5043422397976988	-3.425083	0.3538461538461538
1.0000000000000113	-4.1882877	1.0
0.20330526082108358	-4.4043617	0.06521739130434782
0.21353387947097185	-8.210914	0.03773584905660377
0.043290873820002365	-4.3085046	0
0.46584414613994296	-3.3570557	0.30833333333333335
0.4491998137368363	-3.7636309	0.2570093457943925
0.9999999999999982	-3.1599658	1.0
0.27351287989937817	-4.306392	0.041666666666666664
0.18767700926525538	-8.2504015	0.018987341772151903
0.06617040150593369	-5.2556095	0
0.34994423093072213	-4.0271373	0.13768115942028983
0.3205087745344382	-3.7870963	0.171875
1.0000000000000062	-3.4255354	1.0
0.2607199538035442	-4.0001497	0.07766990291262137
0.27555985330816124	-8.713412	0.018518518518518517
0.045217213222368345	-5.289531	0
0.3208381049471191	-4.089678	0.22477064220183487
0.42978257399483	-3.0718472	0.22330097087378645
1.0000000000000122	-3.356234	1.0
0.2682817731775985	-4.9286804	0.0693069306930693
0.1558938358272009	-7.9602766	0.05333333333333334
0.06809329543780993	-5.9260187	0
0.38712960325417556	-3.6134892	0.25531914893617025
0.4633582762809968	-3.3012505	0.3978494623655914
0.999999999999989	-3.773186	1.0
0.26572979512067524	-4.5157967	0.057522123893805316
0.2884548226943981	-8.041472	0.04411764705882353
0.10840696326077953	-3.7018416	0
0.44158313685610473	-3.605366	0.21296296296296294
0.40054374222252437	-3.352533	0.30000000000000004
0.9999999999999901	-3.543872	1.0
0.2445243097247237	-3.1940942	0.06842105263157895
0.16991729877729062	-6.9502287	0.032467532467532464
0.030711027112312415	-5.3376994	0
0.41552435531389464	-3.9289043	0.1935483870967742
0.255118506152854	-3.3764005	0.1484375
1.000000000000003	-4.1935296	1.0
0.2637152010340522	-3.8969545	0.07575757575757576
0.2971468173951618	-9.19522	0.01
0.07616088068476119	-5.7181816	0
0.4196014082152619	-4.304215	0.25
0.537871816211761	-2.9124722	0.5
1.0000000000000118	-3.093999	1.0
0.24319125502104064	-4.183763	0.06626506024096386
0.19916348996607575	-8.73902	0.018518518518518517
0.03934599018808862	-5.30829	0
0.3560319756063195	-4.192428	0.23239436619718307
0.4158433598966137	-3.3550136	0.2792207792207792
1.0000000000000004	-4.5119696	1.0
0.2503218703052067	-4.413967	0.05681818181818182
0.23549314616695768	-8.566217	0.043859649122807015
0.050563931703876595	-5.4269505	0
0.30249602693426475	-4.207155	0.24468085106382978
0.3800564714627921	-3.1162248	0.3780487804878049
0.9999999999999913	-3.4040482	1.0
0.2029119890107705	-3.7413669	0.09649122807017545
0.21027452152549458	-8.099401	0.023255813953488372
0.06408399526913117	-5.6236677	0
0.4221682438360541	-4.1474805	0.24074074074074073
0.5136877717775304	-3.474025	0.38181818181818183
1.0000000000000095	-3.5237164	1.0
0.21576195976054863	-3.4931102	0.06435643564356436
0.22689593027842736	-8.687198	0.03333333333333334
0.0725663093657311	-5.5036845	0
0.41955279332003853	-4.1354675	0.23170731707317074
0.3125586823983487	-3.3389819	0.15853658536585366
1.0000000000000093	-4.003626	1.0
0.15970419977105138	-3.9413812	0.06666666666666667
0.2351502558259221	-8.067785	0.025641025641025644
0.05242599238542343	-6.3126388	0
0.3055748258760697	-3.9079137	0.2463768115942029
0.34719575899226596	-3.9308796	0.23484848484848483
0.9999999999999996	-5.1279807	1.0
0.23521682466857893	-3.8020368	0.06626506024096386
0.19669704569608043	-8.393135	0.018518518518518517
0.08585178272096608	-5.1257815	0
0.38054098016834964	-4.987958	0.19396551724137934
0.4145645383441764	-3.959995	0.20642201834862386
0.9999999999999983	-4.225752	1.0
0.2791055932091507	-4.678925	0.0707070707070707
0.19495619500369976	-6.8497477	0.04430379746835443
0.013111604580250302	-4.958215	0
0.42179054864217796	-3.6790314	0.31097560975609756
0.40482745372312806	-3.846358	0.308641975308642
1.0000000000000038	-3.3310463	1.0
0.2750930682097436	-5.065479	0.07425742574257425
0.2555015687780315	-7.6247334	0.06451612903225806
0.025691321950367815	-4.2243757	0
0.4251200612044669	-3.3431375	0.21739130434782608
0.45205981233208425	-3.3145516	0.276595744680851
1.0000000000000022	-4.776513	1.0
0.26914143221500647	-4.6096888	0.07142857142857142
0.2178697802444385	-7.760494	0.03409090909090909
0.09220960037367402	-4.6998005	0
0.4436170917620812	-4.250935	0.36029411764705876
0.4219050468472187	-4.2991257	0.3106060606060606
1.0000000000000115	-4.42201	1.0
0.23874840899675326	-3.8634458	0.05113636363636364
0.3041453169922724	-8.891383	0.018518518518518517
0.10082908039260387	-5.7800803	0
0.45846300302852216	-3.4729369	0.39772727272727276
0.44208167752146005	-3.1675222	0.22093023255813954
0.9999999999999934	-3.4763434	1.0
0.15889464072754103	-4.7289367	0.07971014492753623
0.20830616581068248	-6.661653	0.04878048780487805
0.09663035325379139	-5.2358932	0
0.328159346634369	-3.4007335	0.17647058823529413
0.32423119994837724	-3.1990688	0.2647058823529412
0.9999999999999964	-3.5547352	1.0
0.24188907973891316	-3.2277415	0.05833333333333334
0.2551848461823704	-7.5771956	0.02830188679245283
0.08243849281808384	-5.1202793	0
0.3916945850407181	-4.296039	0.205
0.40319867532814996	-3.6785908	0.2736842105263158
1.0000000000000042	-4.182447	1.0
0.24328809535589901	-3.626623	0.06741573033707866
0.18184948281079394	-8.613234	0.007142857142857143
0.049348819096725664	-5.48316	0
0.5323838372001529	-3.6079965	0.4603174603174603
0.46989274495076133	-3.6648858	0.3416666666666667
0.9999999999999918	-3.7111669	1.0
0.26431234925182323	-3.5089722	0.09523809523809523
0.2871171380849257	-7.3443885	0.07142857142857144
0.038127744654086	-4.8775	0
0.5067721680740129	-3.6203425	0.20149253731343283
0.4057491489954793	-2.8780897	0.23484848484848483
1.0000000000000018	-3.6102464	1.0
0.33313798438086956	-3.9167774	0.07999999999999999
0.18297409687665084	-7.2930536	0.03773584905660377
0.06659040465823944	-4.9420047	0
0.3308641753422167	-4.283268	0.22656249999999997
0.560292928464017	-3.4083452	0.375
0.9999999999999991	-4.0555763	1.0
0.22833066267563348	-3.5016584	0.08415841584158414
0.20300035284596488	-7.5623884	0.05660377358490566
0.06327135320099371	-5.6899505	0
0.4119512455386207	-4.3328905	0.18181818181818182
0.41343298614540364	-3.872363	0.2238095238095238
1.000000000000005	-4.105191	1.0
0.17542703361942416	-3.7788227	0.0548780487804878
0.1873532185750914	-7.541362	0.04054054054054054
0.0408083639843838	-5.95599	0
0.3328215470270658	-4.6935687	0.1574074074074074
0.27021905257765094	-4.2194204	0.19642857142857145
0.9999999999999952	-5.381712	1.0
0.1419455602133806	-3.996279	0.05294117647058824
0.20723372187216746	-8.131696	0.026315789473684213
0.059535854906219994	-5.889134	0
0.4252106242985792	-3.171538	0.22142857142857142
0.3612859265063054	-2.4553015	0.2
1.0000000000000064	-3.8419583	1.0
0.2799212549431028	-3.3945708	0.07142857142857144
0.27211813148423825	-6.444047	0.0660377358490566
0.10626736124031777	-6.2938633	0
0.3457209079375023	-3.7670105	0.16176470588235295
0.32903390100966995	-4.984528	0.24615384615384617
1.0000000000000042	-4.3246155	1.0
0.1785932073458423	-3.9319746	0.06593406593406594
0.16713175947539516	-7.5082407	0.06481481481481481
0.059339960921656706	-5.1512156	0
0.238330266762247	-3.6960828	0.16500000000000004
0.2864050357289153	-3.289584	0.26237623762376244
0.9999999999999911	-4.205799	1.0
0.25061854539045886	-4.226928	0.07142857142857144
0.191572497627145	-8.765263	0.04285714285714286
0.07357522943515245	-5.2374654	0
0.4239415214094529	-3.325356	0.32857142857142857
0.4501631321586881	-2.9068556	0.3333333333333333
0.9999999999999974	-3.1321905	1.0
0.2601930004674887	-3.3494253	0.08256880733944956
0.21986957619406855	-7.622102	0.04666666666666667
0.045942190153285364	-4.9352765	0
0.37416362389172914	-3.5268571	0.24074074074074073
0.35591448100636347	-4.7765985	0.23076923076923075
1.0000000000000049	-3.9773853	1.0
0.2256666584901189	-3.6135685	0.0641025641025641
0.253353854183452	-7.381685	0.043478260869565216
0.08424975376726193	-6.113501	0
0.43224839201135773	-3.8391547	0.23305084745762714
0.49266762395783426	-2.9736905	0.3009259259259259
0.9999999999999969	-2.9256835	1.0
0.25674883622269135	-3.6400578	0.05752212389380531
0.1908388768543835	-8.686861	0.03125
0.04317018757618881	-4.9074416	0
0.33036089575042965	-2.2883646	0.26136363636363635
0.45681343373339206	-2.649387	0.2826086956521739
1.000000000000006	-3.1995244	1.0
0.23055509680620773	-2.8388429	0.07758620689655173
0.27648850119912155	-8.130135	0.047619047619047616
0.06257042358859664	-5.422786	0
0.3568450062829335	-3.56852	0.22023809523809526
0.4651005952260441	-3.2531269	0.2916666666666667
1.0000000000000022	-3.519251	1.0
0.24529506465777076	-4.1936703	0.06451612903225808
0.18777952260374436	-7.7329698	0.031746031746031744
0.08893981195659925	-6.041681	0
0.3290311935734389	-4.3512425	0.2443181818181818
0.3838991552963625	-4.82424	0.2303370786516854
1.0000000000000013	-5.0677137	1.0
0.2996312382916908	-3.1351266	0.07142857142857142
0.26558944772047144	-8.076964	0.03076923076923077
0.038310041619051056	-5.8636556	0
0.4303945834875479	-3.645099	0.4568965517241379
0.3769154383989487	-2.704334	0.20175438596491227
1.0000000000000062	-3.4085774	1.0
0.21099157447746547	-4.8050156	0.04761904761904762
0.252357637690641	-7.0778913	0.030612244897959183
0.019323865856541184	-5.017277	0
0.3552089938161936	-4.594419	0.16666666666666666
0.4605513211519899	-4.2747536	0.1875
1.0000000000000069	-6.3433967	1.0
0.2646971190750706	-3.254264	0.06315789473684211
0.17640372672939034	-6.937384	0.026315789473684213
0.020342283270203175	-5.393943	0
0.25111940765667373	-3.27995	0.14130434782608697
0.3964743829814731	-3.0605614	0.2608695652173913
0.9999999999999957	-4.1252136	1.0
0.3009572070601883	-2.978505	0.07051282051282051
0.2539648233224671	-8.151249	0.03488372093023255
0.05960366389405258	-5.5509286	0
0.4261820774765309	-4.2412906	0.27631578947368424
0.5431243285227185	-3.6985264	0.41428571428571426
1.0000000000000022	-3.9135203	1.0
0.21678883215109113	-3.8865852	0.04838709677419355
0.26668417149556944	-7.4893103	0.05405405405405406
0.06228610735407689	-5.991847	0
0.38664820885537665	-5.08495	0.21839080459770116
0.43775492759065704	-3.593962	0.2531645569620253
1.000000000000014	-4.3929205	1.0
0.27965781562659564	-3.847564	0.07317073170731707
0.2395054499471114	-7.6776247	0.04761904761904762
0.07936123088207683	-4.4482484	0
0.35011626149957814	-2.7681403	0.25
0.5731629712773219	-3.0720139	0.5
0.9999999999999932	-2.9707484	1.0
0.15192098865285006	-3.8083074	0.0679611650485437
0.2162727692054602	-8.005952	0.05319148936170213
0.057852762539782665	-5.220834	0
0.39409136288255386	-4.4873667	0.19424460431654678
0.4381820388510212	-4.104058	0.236
0.999999999999989	-4.7660723	1.0
0.21246780670206472	-4.505812	0.047619047619047616
0.20783126139462715	-8.766943	0.016666666666666666
0.029399474964640144	-5.3421984	0
0.3981017765114078	-3.4524791	0.17475728155339806
0.5312495276518753	-3.4217517	0.34615384615384615
1.0000000000000169	-3.284603	1.0
0.2610115504619874	-4.0000668	0.07075471698113207
0.18509865450870244	-6.9946384	0.0410958904109589
0.07489810495015932	-5.5301027	0
0.4154463389585715	-3.1588619	0.19811320754716982
0.4586331871155872	-3.9686403	0.21
1.0000000000000173	-4.290508	1.0
0.268620462799607	-4.0156355	0.05555555555555555
0.24739057560179306	-8.479576	0
0.08436823870138214	-4.886206	0
0.35422733370831266	-4.3355103	0.2608695652173913
0.4091214933219018	-2.961015	0.24489795918367344
0.9999999999999979	-4.429521	1.0
0.2717842391572281	-4.2761855	0.10416666666666667
0.24023848181103927	-8.795747	0.03409090909090909
0.05238452145832915	-5.201057	0
0.28944714496289725	-3.6978557	0.13636363636363638
0.40195014280390834	-3.165716	0.25806451612903225
0.9999999999999901	-4.4403515	1.0
0.20357477819777825	-4.3837247	0.05172413793103448
0.2059407513689787	-7.906634	0.02777777777777778
0.028284230924249767	-4.8418336	0
0.4941992033737859	-2.9673731	0.38524590163934425
0.4004932742627019	-3.226768	0.2037037037037037
0.9999999999999967	-3.4369006	1.0
0.2115760616521235	-5.2119036	0.06880733944954129
0.22008257353673183	-9.01115	0.02
0.10417221081218878	-4.479575	0
0.3425981160516491	-3.629706	0.18750000000000003
0.4122096778344925	-2.6161773	0.2528735632183908
0.9999999999999992	-3.201392	1.0
0.19971302417419654	-4.4652524	0.07894736842105264
0.24072203506309503	-7.564144	0.03076923076923077
0.03820026963389589	-5.547727	0
0.3660506998847866	-3.3960986	0.13095238095238096
0.43612233533977723	-3.544389	0.17857142857142855
1.0000000000000064	-3.9473183	1.0
0.23987618544904732	-4.170794	0.04022988505747127
0.24547455898115494	-6.79886	0.06097560975609756
0.08854014164059638	-6.285099	0
0.32546106577590395	-3.247304	0.21111111111111114
0.4062866831860827	-4.015286	0.32
0.999999999999998	-4.3018475	1.0
0.17631704325844233	-3.4762595	0.07142857142857144
0.16892494307238498	-7.715869	0.046511627906976744
0.06306398230634681	-5.932733	0
0.278629961783233	-4.464369	0.15432098765432098
0.3219217198694011	-4.3775535	0.21084337349397586
1.0000000000000104	-4.6272087	1.0
0.27178524722594455	-3.997012	0.07352941176470588
0.23175009365004193	-8.2745285	0.03278688524590164
0.08092394196929267	-4.773776	0
0.4168822092888728	-3.6117885	0.2735849056603774
0.3627314648187527	-3.1221209	0.15
0.9999999999999979	-3.800587	1.0
0.24013648116151715	-3.3051376	0.07812500000000001
0.2252723695363326	-7.7932954	0.03260869565217392
0.021752446216870676	-5.3630667	0
0.4906112584032768	-4.634261	0.15816326530612246
0.39058907816210486	-3.898772	0.17346938775510204
1.0000000000000078	-5.335152	1.0
0.25874600132282377	-3.6850314	0.04424778761061947
0.14432193801798623	-7.560939	0.036231884057971016
0.11638975068904413	-4.999685	0
0.30106127923046094	-5.192246	0.3658536585365854
0.2648031024607431	-6.519212	0.19736842105263158
0.9999999999999978	-5.125096	1.0
0.1477347751513253	-4.701318	0.06481481481481483
0.15444046377019846	-7.712842	0.025
0.08172500524600183	-4.6492357	0
0.43700786188061264	-3.5641716	0.31666666666666665
0.4575157086198381	-3.8007748	0.2619047619047619
0.9999999999999978	-4.272293	1.0
0.2793815856662159	-3.3063428	0.0684931506849315
0.24343516024834377	-8.532763	0.015873015873015872
0.060721301846890195	-3.9114614	0
0.4228249518129585	-3.5244017	0.2
0.4379145172137679	-2.8862987	0.23529411764705882
1.000000000000001	-3.2443533	1.0
0.26100993406138745	-3.9160094	0.07065217391304347
0.24162175270297925	-7.8595963	0.037037037037037035
0.06251577422816572	-5.371176	0
0.3718282110704224	-4.1930747	0.2532894736842105
0.42419057096530777	-4.9137764	0.27272727272727276
0.9999999999999856	-4.372201	1.0
0.28981802657309	-3.6804926	0.07692307692307693
0.18613305958958226	-8.543949	0.0404040404040404
0.031546666076674765	-5.9372168	0
0.3775490641478612	-3.9282644	0.19512195121951217
0.4506183824129506	-3.6166658	0.16463414634146345
1.0000000000000016	-4.064436	1.0
0.28830257711407303	-3.8423421	0.07653061224489795
0.2155102838596533	-7.2489977	0.05555555555555555
0.08867926329055564	-4.853726	0
0.3076239509215442	-3.1196558	0.2193877551020408
0.4600797379748254	-3.0197375	0.26842105263157895
0.9999999999999974	-3.3310995	1.0
0.22731271573192752	-3.7353723	0.07303370786516854
0.19519502764992622	-6.9587617	0.043478260869565216
0.09801168829031809	-5.5794845	0
0.39246614620181447	-3.3198018	0.17647058823529413
0.3608115045715878	-4.314303	0.3043478260869565
1.0000000000000047	-5.0504155	1.0
0.1931297879161635	-4.306374	0.0661764705882353
0.1999510357623303	-8.705374	0.010869565217391304
0.07012142686875934	-5.0763664	0
0.45129406973407377	-3.5138826	0.2649006622516556
0.4157372228783407	-4.817919	0.20748299319727895
1.0000000000000064	-3.5701623	1.0
0.20926218694640952	-3.617527	0.06018518518518518
0.1578691516896137	-8.668993	0.020833333333333332
0.0647200145694181	-4.918834	0
0.34849349638814514	-4.0362706	0.20114942528735633
0.3505923819162407	-3.5192285	0.20238095238095238
1.0000000000000044	-4.114063	1.0
0.25648546195380206	-4.1805177	0.07647058823529411
0.22739971387825655	-8.349022	0.023076923076923078
0.0770895427254071	-4.9471154	0
0.4910954629697913	-4.66277	0.20967741935483872
0.5534862573472165	-3.8454847	0.2925531914893617
0.9999999999999871	-4.345113	1.0
0.16571068260789204	-3.0521069	0.04411764705882353
0.18197943971381203	-7.2427435	0
0.06863408428302743	-5.638108	0
0.4263520329575666	-3.2900836	0.27083333333333337
0.4206784089902623	-4.7961965	0.17857142857142858
0.9999999999999974	-3.9850855	1.0
0.22189821075730587	-5.539597	0.07792207792207792
0.23926733805849307	-8.891019	0.023255813953488372
0.08493012782380746	-5.3536234	0
0.4738575888447815	-4.2480655	0.2857142857142857
0.38017857202807986	-3.1316726	0.29285714285714287
1.000000000000011	-4.2083354	1.0
0.22103874021955408	-4.0899734	0.0945945945945946
0.24327076700794298	-7.9178452	0.07272727272727272
0.09580596858054095	-5.387946	0
0.39302757375721875	-3.8582103	0.3048780487804878
0.40199696808208385	-3.3447053	0.31410256410256415
0.9999999999999993	-3.619943	1.0
0.27036088235288414	-3.1541677	0.10176991150442478
0.158741034782015	-8.2126665	0.03225806451612903
0.06929350238897573	-5.2485332	0
0.32892414039818274	-3.2552958	0.2785714285714285
0.5487882962676233	-2.5081096	0.42666666666666675
0.9999999999999929	-3.163016	1.0
0.25816743402022163	-3.192293	0.07692307692307691
0.2564661033805781	-8.046904	0.044642857142857144
0.11098546367321045	-4.7450814	0
0.468689035384091	-3.489784	0.24675324675324678
0.40114980417349316	-4.1645055	0.23529411764705882
1.0000000000000107	-3.6677933	1.0
0.2630125640762577	-4.7346725	0.07236842105263157
0.19317090996898922	-6.5625315	0.034482758620689655
0.06046744619577364	-5.0297346	0
0.33180221115082786	-3.6987743	0.17553191489361702
0.33160421588155	-3.0598137	0.22159090909090906
1.000000000000001	-3.7761521	1.0
0.29727440731438387	-4.17383	0.08898305084745764
0.19615656326522318	-7.112104	0.029411764705882353
0.033792800137291586	-6.181906	0
0.4659472457407385	-4.3044224	0.23958333333333334
0.3886789108672258	-5.177194	0.15104166666666666
0.9999999999999978	-4.6780972	1.0
0.264142284885124	-3.5956388	0.07222222222222223
0.1710092028168502	-7.727771	0.02142857142857143
0.06661376840969982	-5.393958	0
0.3965728520822013	-4.5754027	0.16666666666666666
0.3286233780335978	-2.9741838	0.2765957446808511
1.0000000000000027	-3.3691566	1.0
0.24503235429077624	-4.2382517	0.09649122807017543
0.24607711725943632	-7.1516047	0.03571428571428572
0.07156546966272245	-3.60156	0
0.4044500109354785	-3.5191622	0.2027027027027027
0.5462899713643735	-3.0899377	0.38732394366197187
1.000000000000011	-3.4964173	1.0
0.2353202590821209	-3.5687413	0.08695652173913043
0.18972226804843514	-7.6976647	0.03571428571428572
0.05323553846375999	-4.4660387	0
0.40524445522985303	-3.9641106	0.20476190476190476
0.3842655610699042	-3.8060799	0.3
0.9999999999999998	-4.7921796	1.0
0.221518982635818	-6.0651016	0.06310679611650485
0.17880173392917523	-8.146935	0.02112676056338028
0.03145321019926261	-6.3414474	0
0.3926399839964609	-4.106882	0.3076923076923077
0.4270977601074374	-2.8323061	0.33505154639175255
0.9999999999999984	-3.0823088	1.0
0.21830139433865114	-4.6582284	0.049999999999999996
0.23776775433111932	-8.279074	0.02142857142857143
0.03926696515221503	-5.0780945	0
0.3942501878505878	-3.7648678	0.2013888888888889
0.5755927259070709	-2.755471	0.22222222222222224
1.0000000000000007	-4.494399	1.0
0.13002407969862922	-3.9369402	0.04838709677419355
0.1872817557906495	-8.14853	0.03571428571428572
0.07881809910483803	-5.493814	0
0.40950953312809923	-3.4009953	0.22972972972972974
0.4334872468429771	-2.9960005	0.28571428571428575
0.9999999999999981	-3.452668	1.0
0.25637469402152946	-5.7605734	0.07142857142857144
0.2287969666753161	-9.083659	0.00892857142857143
0.04108294345151745	-4.9142785	0
0.4400378668623104	-3.2065246	0.2801418439716312
0.5508943927485712	-3.2536473	0.3586956521739131
1.0000000000000016	-3.4131508	1.0
0.278083370396053	-3.7305436	0.11788617886178862
0.19510467745717744	-8.02994	0.043010752688172046
0.04209434678925403	-4.7032022	0
0.4145191316846884	-4.09324	0.17600000000000002
0.4993943893016513	-3.644349	0.4230769230769231
0.9999999999999973	-3.9633152	1.0
0.22497987349341145	-5.435018	0.05681818181818182
0.2016897012237449	-7.012006	0.04878048780487805
0.06142053420808028	-5.998727	0
0.39055570666357103	-4.7117534	0.14375
0.3741124348351316	-4.043206	0.20422535211267606
0.9999999999999988	-4.703015	1.0
0.23248103245076618	-4.0879292	0.07291666666666666
0.2788174490998974	-8.76084	0.041666666666666664
0.02361009488032976	-4.907921	0
0.5205934550994277	-3.3850667	0.2663934426229508
0.33300186738019355	-3.6049798	0.19565217391304346
0.9999999999999957	-3.7990456	1.0
0.19326681628855744	-3.5249972	0.06521739130434782
0.21871362977557654	-8.84686	0.05063291139240506
0.06826960862297261	-3.9283695	0
0.36991736079506543	-4.012616	0.2142857142857143
0.42604028708114167	-3.455597	0.29629629629629634
0.9999999999999923	-4.0869603	1.0
0.25137041371551827	-4.764594	0.08333333333333333
0.24220739129933344	-8.2403965	0.03225806451612903
0.044249772580196044	-4.615835	0
0.2701933286198033	-4.6953163	0.13063063063063063
0.3161905698143648	-3.8695567	0.163265306122449
1.0000000000000002	-4.69937	1.0
0.25495663726226425	-3.2011714	0.04054054054054054
0.23787307649376424	-7.8070717	0.02666666666666667
0.09527265021630536	-5.034505	0
0.32003629942801354	-4.383651	0.1836734693877551
0.40140614726001966	-3.0778894	0.2647058823529412
0.9999999999999929	-3.8488138	1.0
0.16192744943254914	-3.9413311	0.0660377358490566
0.2076771777098341	-8.06468	0.05681818181818182
0.06367525401295439	-4.8741674	0
0.3318192673281604	-3.6804237	0.1978021978021978
0.5052785921177612	-4.0710187	0.3977272727272727
0.9999999999999925	-4.5796537	1.0
0.2604535347991062	-4.8067565	0.06329113924050633
0.21933522885895126	-8.060476	0.030303030303030307
0.08244822803038494	-5.348359	0
0.37706680964518263	-4.64501	0.19310344827586207
0.3405859657517617	-3.6646824	0.22340425531914893
0.9999999999999828	-4.177321	1.0
0.19321767346472205	-4.468277	0.05714285714285714
0.13020656769923805	-8.734851	0.02717391304347826
0.11452235241355868	-5.6511617	0
0.27125747646695586	-5.3156805	0.2109375
0.43501428483430854	-3.8099086	0.29365079365079366
1.0000000000000002	-4.4968443	1.0
0.21146602424200026	-3.9287548	0.09999999999999999
0.22717465159134437	-7.491807	0.04807692307692308
0.10009800334262302	-4.8007336	0
0.4959406934031935	-3.5875142	0.23134328358208955
0.47540652218012325	-3.1347253	0.2647058823529412
0.9999999999999993	-4.219147	1.0
0.19921170428035453	-3.7977571	0.07333333333333333
0.17267955305822508	-7.870462	0.018518518518518517
0.057999037921151034	-4.3161817	0
0.4713644074484214	-4.1950183	0.21186440677966104
0.41467014308278743	-3.6351902	0.2747747747747748
1.000000000000006	-4.692664	1.0
0.2925527762415147	-4.281183	0.07203389830508475
0.19515470099364265	-7.5146246	0.02531645569620253
0.042607963187652406	-5.843536	0
0.42270448355480145	-4.551626	0.19718309859154928
0.4393084056499821	-4.5421257	0.26388888888888884
0.9999999999999992	-5.0577726	1.0
0.22495167482710424	-3.466504	0.07746478873239436
0.2988419871044648	-8.453275	0.027777777777777776
0.0452151339049354	-4.705076	0
0.471701343403006	-3.2119439	0.2733333333333333
0.40183433724907514	-2.7978494	0.25
1.0000000000000056	-3.0047674	1.0
0.24787842279232816	-4.4381356	0.06132075471698113
0.2933470397479986	-8.564707	0.02586206896551724
0.057233411444837574	-5.301157	0
0.36919542976167324	-4.0941343	0.1896551724137931
0.5301903363226333	-2.6089299	0.3879310344827586
1.0000000000000073	-3.9726708	1.0
0.20666753915161307	-3.5587296	0.10576923076923077
0.22525439774115494	-7.6953855	0.051020408163265314
0.09560183682524816	-5.3403645	0
0.3422634500483542	-5.1350713	0.1746987951807229
0.3066952138871858	-4.8427773	0.21153846153846154
1.0000000000000018	-4.542534	1.0
0.24448526656661876	-3.797399	0.09859154929577464
0.22830257356815092	-8.002314	0.02542372881355932
0.03598714472948295	-5.192084	0
0.3166968234481641	-5.082763	0.14814814814814814
0.30428148339260014	-4.6345267	0.18867924528301885
0.9999999999999868	-4.836808	1.0
0.29360913585284015	-4.5419946	0.1
0.21299760276368093	-7.7492113	0.0425531914893617
0.041114586231592046	-5.2762265	0
0.38463811964655914	-4.6050477	0.20945945945945948
0.4352912567466898	-5.0706635	0.20945945945945948
1.0000000000000075	-5.243274	1.0
0.2869531336973209	-3.5802188	0.06637168141592921
0.2437405886733609	-8.482974	0.03389830508474576
0.08475820816165607	-4.9443336	0
0.4961538430904275	-4.113561	0.25396825396825395
0.37964054108174966	-4.134536	0.25630252100840334
1.0000000000000115	-4.0060177	1.0
0.1760111674392122	-5.6071463	0.06315789473684211
0.18214771374018182	-7.2480903	0.04819277108433735
0.043129821865125	-4.8580956	0
0.4126743184350581	-4.016089	0.33009708737864074
0.5069497714621017	-3.4218752	0.3762376237623763
1.000000000000015	-3.4968615	1.0
0.23617474215489873	-5.059017	0.05921052631578947
0.2245704550712438	-7.5703607	0.027777777777777773
0.04514417495117445	-4.2107854	0
0.35953581035755816	-3.8269956	0.1741573033707865
0.4573439230401807	-3.157234	0.2736842105263158
1.000000000000007	-3.8568718	1.0
0.24818543576885996	-3.1017559	0.06547619047619048
0.20055640222014526	-8.427038	0.03076923076923077
0.0473399412829713	-5.367266	0
0.5100593587690984	-4.010773	0.25490196078431376
0.4732389262820404	-3.838856	0.25
0.9999999999999984	-3.7389112	1.0
0.24464196030095814	-4.0937514	0.10526315789473685
0.23221610735624723	-7.5935946	0.021739130434782608
0.05539756902992073	-5.8814335	0
0.3456257892461898	-4.154356	0.19503546099290783
0.3313544977457542	-3.6364279	0.22302158273381295
1.0000000000000078	-4.4826374	1.0
0.222921578372327	-4.979519	0.0625
0.17363902462267292	-7.76556	0.027777777777777776
0.04295585574971911	-5.3463645	0
0.3828509732124733	-3.7751005	0.14953271028037385
0.445015436534983	-2.8629	0.26168224299065423
0.9999999999999927	-3.646345	1.0
0.15309618377652623	-4.0759926	0.05232558139534884
0.19073709517572626	-8.294664	0.013157894736842106
0.10271262529963225	-4.416357	0
0.3741052154294832	-3.297395	0.20689655172413796
0.4033676384520673	-3.5888426	0.26470588235294124
0.9999999999999968	-3.839228	1.0
0.2724110312950745	-4.3286977	0.0625
0.24508929626165407	-8.544733	0.023437500000000003
0.054671768366533154	-5.7358446	0
0.4650237568956094	-3.579546	0.22033898305084748
0.31119922938747463	-3.4612386	0.2222222222222222
1.0000000000000107	-4.203638	1.0
0.3121497779423514	-3.1423829	0.09712230215827339
0.21534392648489661	-8.561371	0.024390243902439025
0.054009814376851456	-4.5137258	0
0.3789299964022615	-4.4175763	0.20070422535211266
0.34580543830516686	-4.9564195	0.14661654135338345
0.9999999999999856	-4.044263	1.0
0.23329206067689195	-4.2066813	0.06569343065693431
0.12173800564309097	-6.845746	0.06179775280898876
0.059227078966981844	-5.5565863	0
0.49524628617835376	-3.583707	0.34426229508196726
0.36594580119187126	-4.920949	0.16379310344827586
1.0000000000000004	-4.304602	1.0
0.27315993376699294	-3.1632025	0.09210526315789473
0.26656742409702855	-8.385388	0.028846153846153848
0.08949763378144196	-6.348255	0
0.4235580502591078	-4.432104	0.2195121951219512
0.42143754676855993	-4.705126	0.25308641975308643
1.0000000000000082	-4.064817	1.0
0.2470125015739841	-5.149762	0.04945054945054945
0.20713521272996396	-7.5623612	0.049180327868852465
0.05872561077125846	-5.9595866	0
0.34177804265021966	-4.9771113	0.19680851063829785
0.4064717445894344	-4.3508835	0.2692307692307693
1.0000000000000073	-4.3814564	1.0
0.24430995725707103	-3.5409117	0.06666666666666665
0.19462246276286727	-7.738153	0.036231884057971016
0.06669292904714492	-5.4002805	0
0.3779248412678073	-4.1720333	0.16666666666666666
0.42223051520880683	-3.2866755	0.21874999999999997
0.9999999999999927	-4.7298994	1.0
0.23243272187679828	-3.5586026	0.06923076923076925
0.24975285090476745	-7.8862906	0.03409090909090909
0.06434999611377193	-5.8739595	0
0.4438066990955878	-4.1206384	0.18115942028985507
0.45729781960660953	-4.609447	0.21969696969696967
1.0000000000000027	-5.066212	1.0
0.2532050402161075	-3.7070553	0.06962025316455694
0.24786386939308797	-9.292203	0.009433962264150943
0.02482885325067707	-5.155515	0
0.47134600995834836	-4.58625	0.2142857142857143
0.3866002191915153	-4.150079	0.23529411764705882
1.0000000000000178	-3.7986224	1.0
0.2702257476543336	-4.8765216	0.05859375000000001
0.17979528785377374	-7.064278	0.06164383561643835
0.04655083186475386	-5.9494495	0
0.498046300893556	-3.2088213	0.32799999999999996
0.4031841374129636	-3.7593641	0.3048780487804878
1.0000000000000016	-4.1678605	1.0
0.2697808818514407	-4.835422	0.07142857142857142
0.23578017715282426	-7.4517593	0.03571428571428571
0.09410138201888764	-5.9869504	0
0.4820884307579008	-3.613567	0.24489795918367346
0.4284599412112648	-4.3527007	0.29347826086956524
1.0000000000000155	-4.0411553	1.0
0.21897030794555458	-4.260189	0.053571428571428575
0.2078238520350947	-8.169857	0.011627906976744186
0.036020108305122166	-4.9216576	0
0.4802226879758416	-3.3496888	0.1875
0.501071557168443	-3.6350236	0.1909090909090909
1.00000000000001	-3.745121	1.0
0.279639312152429	-5.127	0.05232558139534884
0.2761165496562604	-6.7094283	0.03
0.044168170443035955	-5.538504	0
0.4430355118854256	-4.0261235	0.24456521739130432
0.5145855255384758	-3.4055579	0.37222222222222223
0.9999999999999969	-3.2239618	1.0
0.25796120547236234	-3.9325716	0.06741573033707866
0.2200140987528941	-7.981874	0.030303030303030307
0.04654545662161237	-5.4472885	0
0.3611717462778175	-3.3094563	0.23873873873873874
0.34668598918948573	-2.9285042	0.2403846153846154
1.00000000000001	-4.0327487	1.0
0.2535346638525872	-3.268302	0.07058823529411765
0.21134059661111274	-7.8974724	0.02666666666666667
0.046259094692401866	-5.0462427	0
0.4105308975176526	-4.783036	0.2151898734177215
0.36418613158030827	-4.652538	0.2151898734177215
1.0000000000000142	-5.51819	1.0
0.2808897394954032	-2.978778	0.07142857142857144
0.22070752546219266	-8.626775	0.03389830508474576
0.06705703277003734	-5.5930777	0
0.3632505053765465	-3.8003652	0.17894736842105263
0.45335352911272525	-3.7099814	0.3097826086956522
0.9999999999999972	-4.2637935	1.0
0.2579710763846731	-3.7992191	0.08796296296296298
0.23095181998428627	-8.847389	0.04477611940298507
0.029670946988990442	-6.922024	0
0.5025112146146434	-3.8105235	0.23076923076923078
0.28670256185852344	-3.4516685	0.2268041237113402
1.0000000000000078	-4.074955	1.0
0.33337493601803053	-2.8358934	0.08673469387755102
0.2206696218570201	-7.0120974	0.03424657534246575
0.08636012823589695	-5.204204	0
0.36621923109474386	-3.7749193	0.20945945945945946
0.35477735350125117	-3.7850778	0.19718309859154928
1.0000000000000009	-4.095305	1.0
0.2522243528135534	-4.2646985	0.06578947368421051
0.25134918776393134	-7.778386	0.026785714285714284
0.050259317223236066	-5.5869184	0
0.30336170819571917	-5.035127	0.1875
0.39040286654351275	-3.3627226	0.1569767441860465
1.0000000000000009	-4.205673	1.0
0.1824284863821977	-3.2679603	0.07894736842105263
0.18127542451683126	-8.802502	0.01666666666666667
0.0912265145062116	-4.9088383	0
0.38812291318984465	-3.585418	0.2796610169491526
0.4448540179669559	-3.1403031	0.35344827586206895
0.9999999999999959	-3.2787247	1.0
0.20677707425796682	-5.0155225	0.09016393442622953
0.21995612140528692	-7.463097	0.051020408163265314
0.09335074844442981	-5.845086	0
0.4217216375872547	-3.4479518	0.3225806451612903
0.3144400682813264	-3.6540818	0.24545454545454545
1.0000000000000027	-3.6062682	1.0
0.22043210231739602	-2.8448322	0.05454545454545455
0.24752462128945876	-8.27904	0.03
0.05418873428396269	-5.855762	0
0.405594115804971	-3.065021	0.1904761904761905
0.48724830281738063	-3.0736547	0.4375
0.9999999999999991	-3.2025347	1.0
0.16225577323181567	-3.1290886	0.06122448979591836
0.18179550557689175	-9.374191	0.0125
0.056823890798664116	-4.784242	0
0.3563491038357394	-3.945772	0.17567567567567566
0.4158883421777089	-3.4188685	0.2904761904761905
1.0000000000000044	-4.480887	1.0
0.22568520419622276	-4.305444	0.08270676691729323
0.1960203463294	-8.000776	0.03289473684210526
0.041877241029913956	-4.6907854	0
0.3746134947661345	-2.9513438	0.22569444444444445
0.5238729495680874	-3.078966	0.3705035971223022
1.0000000000000044	-3.635814	1.0
0.255174571385268	-3.744475	0.041666666666666664
0.18632073610886607	-8.724078	0.010638297872340425
0.1353215893195628	-4.9102187	0
0.29723317246700554	-3.9984746	0.28260869565217395
0.3880449510468649	-3.6512616	0.29347826086956524
0.9999999999999927	-4.9822297	1.0
0.181088167416306	-3.2138014	0.0449438202247191
0.21385101557095695	-8.0826025	0.03488372093023255
0.0620116922688606	-5.4403086	0
0.35537631870165526	-3.8989162	0.21226415094339623
0.38311386657746016	-3.049992	0.22222222222222224
1.0000000000000113	-3.4650416	1.0
0.2750706625972815	-3.8360577	0.061797752808988776
0.2374815584267888	-7.760021	0.02666666666666667
0.05209467650118582	-6.9712257	0
0.3107938994514726	-3.4023006	0.1282051282051282
0.3330072802692177	-3.0290506	0.3125
0.9999999999999989	-3.4011776	1.0
0.182824618092159	-3.4291542	0.0641025641025641
0.2495521285199818	-8.012311	0.025641025641025644
0.10941924671807188	-5.1897545	0
0.4790076640728247	-3.532701	0.32857142857142857
0.47585553855748924	-3.5225992	0.3619047619047619
0.9999999999999772	-3.332286	1.0
0.2911424563689837	-3.3899446	0.1
0.2625278048897463	-7.746624	0.0410958904109589
0.03935459711621473	-5.102591	0
0.4579127741942142	-3.7555037	0.20454545454545456
0.32858557070542704	-3.8629081	0.17857142857142858
1.0000000000000013	-4.346565	1.0
0.22000396127960026	-3.1777325	0.08088235294117647
0.24555327251546266	-7.889333	0.047619047619047616
0.10687481451255024	-4.796222	0
0.5235354247513891	-3.9110172	0.2607142857142857
0.43862791381775157	-3.242516	0.2556390977443609
0.9999999999999962	-3.5497372	1.0
0.2652832955550262	-2.6066017	0.07017543859649122
0.17797999705770634	-7.8543577	0.02247191011235955
0.0518457608977168	-5.3531237	0
0.48544694100234304	-3.4694781	0.2710843373493976
0.4170695447912304	-3.9910402	0.31333333333333335
1.0000000000000016	-4.2120914	1.0
0.20946549934947303	-4.161995	0.0821917808219178
0.2167649296609993	-8.7045145	0.015625
0.03869606815111522	-5.4091835	0
0.5189134826832439	-3.6054258	0.29591836734693877
0.5179049979269339	-3.1646023	0.42473118279569894
1.000000000000009	-3.7102938	1.0
0.11521215904341787	-3.887789	0.056338028169014086
0.18965461498998729	-7.061975	0.021739130434782608
0.07602136228249214	-3.842589	0
0.5389580118977612	-4.549646	0.5125000000000001
0.2710743021276393	-4.394914	0.23255813953488372
1.0000000000000007	-4.663906	1.0
0.11262045889834603	-3.5796683	0.05128205128205128
0.1192164491857849	-9.309766	0
0.1037754107140942	-5.084866	0
0.3155693234948337	-3.6187892	0.16176470588235295
0.32212958270250297	-4.7796135	0.1774193548387097
0.9999999999999962	-4.8526134	1.0
0.24202545868545922	-3.036216	0.0763888888888889
0.2077734544808723	-8.563211	0.027777777777777776
0.17120268641126113	-4.770987	0
0.4964669364918326	-3.7391095	0.24590163934426232
0.39649708660628874	-3.6691651	0.28571428571428575
0.9999999999999925	-4.3519616	1.0
0.24732856411179965	-3.5797439	0.06349206349206349
0.24620129586939515	-6.9972444	0.03846153846153846
0.0629104847328987	-5.350108	0
0.3844918801998179	-4.0514503	0.1822033898305085
0.41239460811286105	-3.8442461	0.1721311475409836
0.9999999999999976	-4.395542	1.0
0.24192912327852467	-5.038291	0.06481481481481483
0.18269401421446418	-8.470351	0.01875
0.062452895775656894	-4.785943	0
0.38104485948542693	-3.3120487	0.23157894736842102
0.36612970463248484	-3.3694274	0.17582417582417584
0.9999999999999906	-3.8021257	1.0
0.27129113439452024	-4.922077	0.0784313725490196
0.23056813510641347	-8.2914295	0.03676470588235294
0.059850908217817814	-4.507922	0
0.541706624685303	-2.6512525	0.46111111111111114
0.4715146980491009	-2.245945	0.4941176470588235
1.0000000000000049	-2.8506827	1.0
0.26978007650673663	-3.389154	0.07058823529411765
0.20451122092356191	-8.986135	0.030303030303030307
0.04965712540083665	-5.5276837	0
0.34120180238518366	-4.96977	0.19130434782608696
0.4733258078767521	-4.7881255	0.2692307692307692
0.9999999999999946	-4.6289287	1.0
0.24691161079280927	-5.463004	0.07070707070707072
0.1654798992394279	-7.8161254	0.019230769230769232
0.12878309170093677	-5.984442	0
0.27996468418618753	-3.843418	0.2767857142857143
0.4740095881512448	-4.066761	0.4322033898305085
1.000000000000004	-3.8550622	1.0
0.21208876548994793	-3.9367616	0.11333333333333333
0.2170069607988654	-7.009562	0.052083333333333336
0.07155459619671535	-5.807159	0
0.339425311117272	-4.0950336	0.23015873015873015
0.37996045280399493	-3.8709846	0.1796875
1.0000000000000002	-5.0650983	1.0
0.21414995634539574	-3.8325384	0.04938271604938273
0.19930760085508212	-7.55961	0.030612244897959183
0.09853829381144569	-5.3893394	0
0.35844630639825564	-3.7498727	0.24796747967479674
0.4054500551558449	-3.7945187	0.24545454545454548
1.0000000000000033	-4.497904	1.0
0.25679089242505415	-3.336065	0.09313725490196079
0.19235461777614649	-8.028048	0.05
0.0777989570493435	-4.730275	0
0.3520181322038541	-3.842116	0.1936936936936937
0.37280567065173936	-3.5555406	0.24528301886792453
0.9999999999999901	-3.7874882	1.0
0.27159527445346	-2.8408344	0.09803921568627451
0.2271300215441098	-9.008564	0.026315789473684213
0.03993278642453931	-4.632507	0
0.32164232312941404	-4.3925304	0.1797752808988764
0.3565597568145694	-3.4997957	0.17816091954022986
1.0000000000000024	-5.177293	1.0
0.2563402931290832	-3.0648239	0.10135135135135136
0.20419344307154239	-7.74478	0.015384615384615385
0.05109184190589261	-4.867062	0
0.32961790725313156	-3.8935313	0.19999999999999998
0.4272271144246803	-3.6955588	0.25000000000000006
1.0000000000000018	-3.7578235	1.0
0.266385389137699	-3.875271	0.07142857142857142
0.23156117319130398	-7.308997	0.038461538461538464
0.1551612569456202	-5.0915246	0
0.3962532523344048	-3.881973	0.24375
0.3171423084428375	-3.3535976	0.21527777777777776
1.0000000000000004	-3.8299184	1.0
0.2006929180612018	-3.8216212	0.05555555555555555
0.20739399342458423	-8.491806	0.01694915254237288
0.05543397579060781	-5.3540864	0
0.4210845044123964	-3.684032	0.16818181818181818
0.4954812202374044	-3.8434873	0.22815533980582522
1.0000000000000056	-4.2126513	1.0
0.261917719191784	-3.632597	0.10227272727272725
0.22258269752841017	-8.896418	0.02
0.06047582452544576	-5.552121	0
0.4176982284599037	-4.4594235	0.2987012987012987
0.33159478361763245	-4.1862597	0.189873417721519
1.00000000000001	-4.491032	1.0
0.24775108504108997	-4.2058926	0.04605263157894737
0.28592256337037897	-8.397278	0.02586206896551724
0.07082878925106033	-5.442854	0
0.2678416880504605	-3.7170157	0.21311475409836064
0.39745117187893275	-2.944015	0.30172413793103453
0.9999999999999973	-2.7088466	1.0
0.25306358877186086	-3.529384	0.14948453608247425
0.25016146865901795	-8.020293	0.07142857142857144
0.045413532580960723	-5.0343413	0
0.368935705802052	-4.404804	0.22772277227722773
0.3946858897987543	-5.1367908	0.2376237623762376
0.9999999999999994	-4.792438	1.0
0.2600072805294797	-3.7667072	0.06329113924050633
0.2613507076426248	-8.399771	0.02898550724637681
0.08518029756721812	-6.3014555	0
0.47217084262618936	-4.0840487	0.17968750000000003
0.3736762248535117	-4.8217354	0.16935483870967744
1.000000000000001	-4.283353	1.0
0.24830277884604413	-4.43864	0.0569620253164557
0.22149799959806032	-8.501664	0.0196078431372549
0.09045350116517037	-5.423291	0
0.5318417384948287	-4.41379	0.2875
0.3205596507856668	-4.184882	0.21874999999999997
1.0000000000000047	-3.9060626	1.0
0.1934008739332701	-3.2311308	0.07317073170731708
0.23776639645223074	-8.378417	0.024590163934426233
0.04050297043856974	-4.83053	0
0.3400470728023521	-3.2488964	0.16981132075471697
0.322213933472929	-3.3628786	0.3148148148148148
1.0000000000000044	-3.7182133	1.0
0.27907474093201406	-4.010203	0.09374999999999999
0.290679364067934	-7.0502353	0.06382978723404256
0.06235620379775526	-5.264295	0
0.35870879421276136	-3.4097505	0.18749999999999997
0.3270427099604367	-3.2461386	0.18627450980392157
1.0000000000000024	-4.4413295	1.0
0.20776466819740874	-4.444786	0.06172839506172839
0.18176442690286856	-8.085226	0.023255813953488372
0.03357456740673793	-6.0830135	0
0.36178315057454696	-3.5393035	0.1884057971014493
0.32579012343976677	-3.4943447	0.19852941176470587
1.0000000000000215	-3.986875	1.0
0.20662328803581878	-2.5891964	0.09154929577464789
0.2313898498912217	-7.9773493	0.06481481481481481
0.06381777861923202	-4.4306083	0
0.486275241185837	-3.6535711	0.38636363636363635
0.46785478440077416	-3.6109855	0.3076923076923077
0.9999999999999993	-2.9441168	1.0
0.21638193776422762	-4.359051	0.06349206349206349
0.15058848575572123	-7.0669603	0.0660377358490566
0.09073849379082487	-5.2965517	0
0.380215272899166	-3.4904673	0.22945205479452055
0.4349343623780017	-3.6031775	0.401360544217687
1.0000000000000075	-3.6281524	1.0
0.2401831853013559	-3.4739995	0.08076923076923077
0.17221676085181828	-9.326546	0.026041666666666664
0.0711296713622993	-5.6435432	0
0.4476430600717793	-4.91835	0.2288135593220339
0.48652488181078024	-4.4063344	0.30327868852459017
1.0000000000000018	-4.0112796	1.0
0.23095285194609494	-4.4054947	0.07142857142857142
0.2641505369031413	-8.357038	0.02040816326530612
0.1202680142755061	-5.351332	0
0.27034522142793477	-4.299076	0.14615384615384613
0.292124931836633	-3.9174352	0.2711864406779661
1.000000000000001	-4.8250885	1.0
0.2306536788133454	-4.06311	0.08235294117647059
0.19618225505179035	-7.9345107	0.028846153846153848
0.03564915905147912	-5.449036	0
0.3186969402468691	-3.8741693	0.16867469879518074
0.41958302864709135	-3.857107	0.29629629629629634
1.0000000000000016	-3.804929	1.0
0.22766853345882382	-4.470553	0.06666666666666667
0.25511409067142743	-8.790942	0.016129032258064516
0.08042616771429084	-5.1352177	0
0.3522743359906729	-3.5786006	0.1935483870967742
0.36992219613792865	-2.7791376	0.3125
1.0000000000000002	-3.6991124	1.0
0.1946097819078505	-3.1984994	0.09701492537313433
0.19003640665855864	-7.9963455	0.02857142857142857
0.06238260439229397	-4.6458406	0
0.41281029069040204	-4.3806057	0.3253968253968254
0.4273195055502592	-4.3265185	0.39843749999999994
1.0000000000000104	-4.351566	1.0
0.272250922453973	-3.7075427	0.08252427184466021
0.2246516394398426	-7.971382	0.03614457831325301
0.059520328045926135	-4.3215113	0
0.30202955937238	-4.2860594	0.13768115942028986
0.28159127611424334	-3.988029	0.1893939393939394
0.9999999999999966	-4.150251	1.0
0.21737200864701478	-4.249425	0.09174311926605505
0.2305840189802613	-8.280721	0.045454545454545456
0.059116550681366474	-6.330448	0
0.3598808086230016	-4.592857	0.2325581395348837
0.4396772022731724	-3.9155583	0.25595238095238093
1.0000000000000024	-4.0954194	1.0
0.2556754250712555	-4.3573565	0.0723684210526316
0.19466260867328003	-8.906128	0.03125
0.05063951999718674	-4.875276	0
0.3490038490051303	-3.8156295	0.22596153846153846
0.4328249389671401	-4.1708426	0.2722772277227723
1.0000000000000118	-4.2152767	1.0
0.27216426523367393	-5.0991054	0.06593406593406594
0.23226065743295382	-7.1400757	0.0410958904109589
0.042946358988007347	-3.523906	0
0.3660840076369613	-3.6060905	0.29120879120879123
0.435414003893388	-3.594536	0.358695652173913
1.00000000000001	-3.2750332	1.0
0.24675434441868382	-4.672933	0.09433962264150944
0.18726511528009804	-8.168658	0.022388059701492536
0.09101413750072904	-4.930392	0
0.3822449495108606	-2.7576232	0.15454545454545454
0.4376460911882259	-3.1197915	0.2596153846153846
1.0000000000000082	-3.6868358	1.0
0.1975866034308768	-4.434338	0.07228915662650602
0.22241550301595925	-9.653958	0.010638297872340425
0.13605264992940866	-5.2732477	0
0.25289172246085695	-3.185216	0.22857142857142856
0.511958441226582	-2.509008	0.3783783783783784
0.9999999999999984	-3.5189319	1.0
0.15099498461640523	-4.2418337	0.06666666666666667
0.13571345561317877	-7.5017333	0.026785714285714284
0.06100362105925934	-5.878954	0
0.3808188969507289	-4.6018705	0.21804511278195488
0.3539551502388466	-3.5595348	0.20149253731343286
1.0000000000000002	-4.557821	1.0
0.1683159716444717	-3.5417087	0.045000000000000005
0.16521913907648492	-7.55515	0.040229885057471264
0.04209632840511499	-7.0199456	0
0.7059602918213762	-5.918395	0.6341463414634146
0.32634872536412146	-5.062339	0.25
1.0000000000000016	-5.6710954	1.0
0.22936930493085583	-4.9176626	0.059322033898305086
0.21791697615499778	-8.120115	0.025641025641025644
0.056102928522263194	-5.2823443	0
0.42506809365456205	-3.905983	0.16406250000000003
0.43330897136641056	-3.11576	0.22799999999999998
0.9999999999999879	-3.846948	1.0
0.215670207788638	-2.9459822	0.05882352941176471
0.2121503328364289	-8.505795	0.012048192771084338
0.08461579709740026	-5.0208287	0
0.46292412537455047	-3.1976807	0.3452380952380952
0.3278028404482773	-3.3592045	0.20731707317073167
0.9999999999999918	-4.169577	1.0
0.14695240866192427	-4.489836	0.04639175257731959
0.2264687069652663	-7.9443045	0.0125
0.0739005504821767	-5.3008194	0
0.4355244863897669	-3.911621	0.16785714285714287
0.44323665137340107	-4.106771	0.19343065693430656
1.000000000000007	-4.053766	1.0
0.169177243517617	-3.4689994	0.0514018691588785
0.13891293844334537	-9.137757	0.016129032258064516
0.09068809905024403	-5.4764395	0
0.35406007558602265	-3.706156	0.14084507042253522
0.3961656232915087	-5.471817	0.21014492753623187
1.0000000000000053	-4.547517	1.0
0.20451565302324232	-4.04449	0.06451612903225806
0.19531713825791377	-8.181986	0.03508771929824561
0.11457326032054557	-4.0357614	0
0.37732406232364646	-2.532056	0.37719298245614036
0.6041717193564566	-2.1975176	0.6900000000000001
0.9999999999999973	-2.1963382	1.0
0.17234101444901134	-3.4642224	0.042253521126760556
0.16607162819048799	-8.58608	0.043478260869565216
0.07511450863074672	-5.4480553	0
0.45167869397122673	-3.300239	0.36250000000000004
0.39160430592814444	-3.1160667	0.23333333333333334
0.9999999999999962	-3.6776109	1.0
0.18220058268588443	-4.516206	0.06666666666666668
0.28274811552020346	-7.3905153	0.05
0.06315183993704024	-4.5630546	0
0.44578250952588205	-2.9666936	0.2647058823529412
0.5361123655160922	-2.862519	0.3475609756097561
1.000000000000002	-2.9431193	1.0
0.25030262868283115	-4.2883716	0.07407407407407407
0.23579615032271756	-7.599754	0.04098360655737705
0.06397784241702631	-5.2129874	0
0.4441960561269324	-3.395225	0.21982758620689655
0.45349601327998734	-2.4550574	0.26126126126126126
1.000000000000009	-2.8872375	1.0
0.1749871790293708	-2.8958154	0.05882352941176472
0.25587892889287706	-8.859913	0.032467532467532464
0.0939206205505487	-5.587954	0
0.5107990257510723	-4.0232844	0.26875
0.5143105394332729	-4.225249	0.3333333333333333
0.9999999999999952	-4.3677945	1.0
0.2322413759041552	-4.5010047	0.050505050505050504
0.16625806938038773	-7.7842484	0.024193548387096774
0.035332589558830806	-6.3801656	0
0.3233889895458202	-4.286827	0.2216494845360825
0.4314955612224143	-4.3838396	0.23958333333333334
0.9999999999999986	-4.738836	1.0
0.18819192059893358	-4.040933	0.1
0.1695262283573932	-7.8400946	0.04285714285714286
0.06695981455524835	-4.3150306	0
0.4112037691736998	-3.7887719	0.16874999999999998
0.3186858932793319	-2.9384532	0.26582278481012656
1.0000000000000053	-3.7482064	1.0
0.2692674315303235	-4.315694	0.056818181818181816
0.27169177081151463	-8.140466	0.024590163934426233
0.059469957201931496	-6.4320073	0
0.34520632483712316	-4.058918	0.21634615384615383
0.365094446828287	-4.227149	0.2602040816326531
0.9999999999999997	-4.0433054	1.0
0.2317387464988536	-4.3563995	0.04716981132075472
0.20883381585318417	-8.502521	0.0136986301369863
0.04462306533855669	-5.620873	0
0.7093781854406103	-5.7675934	0.6041666666666666
0.40903023164389457	-4.3072157	0.330188679245283
0.9999999999999986	-5.088761	1.0
0.19407177090886768	-2.866213	0.0625
0.23558099799667673	-7.3749604	0.05555555555555556
0.13248343427627277	-4.855558	0
0.4129281114181651	-3.2194664	0.2105263157894737
0.3955485164913596	-2.346429	0.2818181818181818
0.9999999999999961	-2.7284195	1.0
0.19757268070094014	-3.2857385	0.07746478873239436
0.22569605881149543	-8.28371	0.020833333333333336
0.04581489485253426	-6.896115	0
0.3310767952571787	-3.6266181	0.24050632911392403
0.3547508283221071	-3.3361788	0.32716049382716045
0.9999999999999939	-4.4908123	1.0
0.2561930340575927	-4.030448	0.0975609756097561
0.1923824801919637	-6.9940515	0.03333333333333334
0.06648348678738071	-6.1766977	0
0.4290338117584057	-4.1809297	0.15
0.7140650000051463	-4.647699	0.532258064516129
0.9999999999999988	-3.9234943	1.0
0.14470402369036006	-4.1724944	0.06666666666666667
0.14332902324088767	-8.284197	0.014285714285714285
0.08354625769112986	-4.7732806	0
0.4493973325634496	-2.6509929	0.38749999999999996
0.44202188387505614	-2.2086277	0.34722222222222227
1.0000000000000104	-2.8721888	1.0
0.2392866829361469	-3.555835	0.05
0.25952176161046614	-7.244703	0.03846153846153846
0.05510643131395273	-4.7999606	0
0.32403232550140304	-3.991488	0.18181818181818185
0.5604465743255531	-4.429049	0.31958762886597936
0.9999999999999863	-3.5476775	1.0
0.2839053799698118	-4.175378	0.05445544554455446
0.23133483288823795	-8.469736	0.023076923076923078
0.017444639595569182	-5.2676277	0
0.30917606536963066	-4.566383	0.20689655172413796
0.30734373298344886	-4.0776744	0.21929824561403508
0.9999999999999902	-4.2968464	1.0
0.3007466652505373	-3.9477477	0.07142857142857142
0.2853668768523041	-7.9925485	0.04081632653061224
0.09331756579776301	-5.184367	0
0.2977755939205229	-3.4155204	0.19767441860465118
0.35167306074925037	-4.7153654	0.22289156626506024
0.9999999999999967	-4.4368773	1.0
0.294214598593853	-5.140964	0.07894736842105264
0.24253318976951752	-8.726148	0.023076923076923078
0.06880595810567627	-5.6714783	0
0.4173292294104068	-4.190835	0.20491803278688525
0.4671237635563052	-3.958708	0.29166666666666674
0.9999999999999929	-3.4944768	1.0
0.23021152427070052	-3.4070444	0.060975609756097573
0.22585171499759824	-8.169394	0.03
0.04958536879038894	-5.6403055	0
0.4291533164873096	-3.2648861	0.3114754098360656
0.3738049086771934	-2.778957	0.19298245614035087
1.0000000000000124	-3.619685	1.0
0.24470314030954873	-3.238424	0.09482758620689655
0.20778794203738063	-8.303086	0.030612244897959183
0.025523409600062063	-5.322871	0
0.2415397196040621	-4.5971966	0.16964285714285715
0.33555959347517256	-4.6459284	0.14814814814814814
0.9999999999999986	-5.0735216	1.0
0.2917569027255834	-4.5933776	0.05737704918032786
0.3238755869267015	-8.36395	0.06521739130434784
0.042742961210455045	-4.4121776	0
0.2606118260424064	-3.6997752	0.17164179104477612
0.3692066865597224	-3.4905927	0.2661290322580645
1.0000000000000007	-3.348376	1.0
0.2000720340231692	-3.1112928	0.07352941176470588
0.2995905626256354	-8.37465	0.057692307692307696
0.07910594493352864	-4.266457	0
0.34702892386837786	-2.6823847	0.27586206896551724
0.46003903258432005	-3.2714548	0.25
1.0000000000000002	-2.9304757	1.0
0.22997445720462442	-4.771017	0.08333333333333333
0.20622973732523772	-8.968173	0
0.09056965285915843	-4.892764	0
0.3220672433024566	-4.909707	0.19047619047619047
0.3881555606559014	-4.4985685	0.2025862068965517
1.0000000000000056	-4.034988	1.0
0.23901047615665172	-4.0804143	0.09765624999999999
0.16482049500850626	-8.835844	0.011764705882352941
0.10539268846526426	-4.229399	0
0.24902511449099005	-3.064156	0.29310344827586204
0.3503100616802437	-3.9607532	0.25
0.9999999999999966	-3.4384532	1.0
0.1861535338690572	-4.482369	0.09722222222222221
0.18600028702648916	-7.2933235	0.051020408163265314
0.14564531830185007	-4.611431	0
0.31225550210380204	-3.678645	0.18000000000000002
0.34158879085052135	-3.136894	0.2222222222222222
1.0000000000000073	-3.924081	1.0
0.1991536725606992	-4.1140604	0.04545454545454545
0.2227855227963239	-7.9933014	0.010869565217391304
0.034665645233147094	-6.5264387	0
0.36534654738588873	-4.70611	0.21153846153846154
0.4643532480402294	-4.762074	0.27922077922077926
0.9999999999999991	-4.8635654	1.0
0.29958747713943884	-4.8632226	0.06842105263157895
0.20183483649920733	-7.8964424	0.00847457627118644
0.04848316830947019	-5.144913	0
0.37432722098529114	-4.2333775	0.21825396825396826
0.38780959551259603	-3.3850563	0.25210084033613445
1.0000000000000107	-3.5315878	1.0
0.1375779928133237	-4.3229055	0.05789473684210526
0.25041296624313353	-7.9237976	0.011904761904761906
0.09165502161572746	-4.3210444	0
0.3323224234319247	-4.965277	0.2180851063829787
0.4583444480079618	-3.6464758	0.4090909090909091
1.0000000000000036	-3.897209	1.0
0.21244301231355492	-4.343378	0.08928571428571427
0.15937107820328095	-7.3405595	0.02985074626865672
0.06158533618644323	-6.000578	0
0.35196010313751	-5.834422	0.16
0.4273648125257336	-5.6984563	0.17692307692307688
1.0000000000000016	-4.9317446	1.0
0.1970752377640547	-4.3717613	0.056451612903225805
0.20978589787944785	-7.8002524	0.03571428571428572
0.04578500263816705	-6.1807046	0
0.3707468677207748	-3.828799	0.19186046511627905
0.329141487949036	-3.4930167	0.15243902439024393
0.9999999999999903	-4.274878	1.0
0.25816111651583207	-4.2591705	0.06329113924050632
0.09535868818740895	-7.5824113	0.04098360655737705
0.04492830757062761	-4.117182	0
0.44811857196505606	-3.7393084	0.2567567567567568
0.44460040546190716	-3.8388906	0.18461538461538463
0.9999999999999968	-3.4852154	1.0
0.160119238319269	-3.9825923	0.0859375
0.271648913174571	-8.036581	0.027272727272727275
0.05274405310826404	-4.4522867	0
0.3889197006763959	-2.3715289	0.23846153846153845
0.49666983226199607	-2.3126776	0.32031249999999994
1.0000000000000182	-1.9427783	1.0
0.2515848304676653	-3.6099527	0.06493506493506494
0.2753846636888433	-7.4808946	0.018518518518518517
0.07522287947731411	-4.907092	0
0.3902239798996142	-3.4904757	0.19999999999999998
0.3638831182973721	-3.2638936	0.3733333333333333
0.9999999999999972	-4.042669	1.0
0.18648197013727472	-3.482567	0.0875
0.17425061610865386	-7.755783	0.01694915254237288
0.04745542219852635	-4.7858524	0
0.38068827366336666	-4.1350007	0.2
0.5833687109965897	-3.4290674	0.32142857142857145
1.0	-3.8182428	1.0
0.2254849979012336	-2.332698	0.05147058823529412
0.21864485913244322	-7.2811418	0.010416666666666668
0.03871068287872816	-5.25241	0
0.4519062332698823	-3.5228136	0.2785714285714285
0.46758188599002093	-3.8289137	0.29285714285714287
0.9999999999999994	-3.7291155	1.0
0.2670714106456767	-3.4800477	0.0955056179775281
0.23783230360705465	-9.312204	0.01785714285714286
0.06470794984177626	-3.9123313	0
0.4352645782307729	-4.023872	0.23660714285714285
0.48636598064799913	-3.264503	0.25961538461538464
1.0000000000000075	-3.4615297	1.0
0.2073443044700089	-4.782941	0.049999999999999996
0.18928167548321428	-8.387	0.04666666666666667
0.0963285375122785	-6.2746615	0
0.44688696203242423	-4.5891757	0.18493150684931506
0.39477855947426754	-3.6723747	0.1956521739130435
1.0000000000000038	-4.41922	1.0
0.26369576765709335	-3.0715253	0.05612244897959184
0.2150834462869472	-8.452768	0.01785714285714286
0.10302555517097492	-5.2761025	0
0.3743188464444845	-5.207518	0.23239436619718307
0.36214014311216675	-3.5160432	0.20833333333333334
1.0000000000000007	-4.254331	1.0
0.17812538033551564	-3.4138172	0.06034482758620689
0.19018006474731433	-8.805227	0.052631578947368425
0.04569180459120717	-5.9378004	0
0.4637649005523743	-5.0394053	0.21052631578947367
0.43827931925486	-4.5483418	0.24324324324324323
1.0000000000000049	-5.023643	1.0
0.1913003248175455	-3.9475715	0.09166666666666666
0.18880926516241112	-8.2281475	0.03846153846153846
0.051902009040690165	-4.623588	0
0.46322517761520526	-3.889966	0.21641791044776118
0.47781572873429334	-3.5436265	0.31048387096774194
0.9999999999999902	-3.1659255	1.0
0.2096281666086389	-3.8791184	0.07766990291262137
0.17394559515812205	-7.427803	0.01744186046511628
0.0572951497086462	-3.8274434	0
0.30658406453329257	-2.7802134	0.24675324675324675
0.4725982000995639	-3.5041344	0.30666666666666664
1.0000000000000016	-3.30064	1.0
0.3250183310663712	-4.2369814	0.09302325581395349
0.2692843735715672	-8.524136	0.05932203389830508
0.09467623218357418	-4.2483425	0
0.5874543325900143	-4.778432	0.3920454545454546
0.5897468120308403	-4.004506	0.5872093023255814
0.9999999999999984	-3.9056284	1.0
0.18861295894555732	-4.4703236	0.060000000000000005
0.2153065327517076	-8.236791	0.007692307692307693